0 0.4 2.4
1 0.6 2.6
2 0.8 2.8
3 1.0 3.0
4 1.2 3.2
5 1.4 3.4
6 1.6 3.6
7 1.8 3.8
8 2.0 4.0
9 2.2 4.2
10 2.4 4.4
11 2.6 4.6
12 2.8 4.8
13 3.0 5.0
14 3.2 5.2
15 3.4 5.4
16 3.6 5.6
17 3.8 5.8
18 4.0 6.0
19 4.2 6.2
20 4.4 6.4
21 4.6 6.6
22 4.8 6.8
23 5.0 7.0
24 5.2 7.2
25 5.4 7.4
26 5.6 7.6
27 5.8 7.8
28 6.0 8.0
29 6.2 8.2
30 6.4 8.4
31 6.6 8.6
32 6.8 8.8
33 7.0 9.0
34 7.2 9.2
35 7.4 9.4
36 7.6 9.6
37 7.8 9.8
38 8.0 10.0
39 8.2 10.2
40 8.4 10.4
41 8.6 10.6
42 8.8 10.8
43 9.0 11.0
44 9.2 11.2
45 9.4 11.4
46 9.6 11.6
47 9.8 11.8
48 10.0 12.0
49 10.2 12.2
50 10.4 12.4
51 10.6 12.6
52 10.8 12.8
53 11.0 13.0
54 11.2 13.2
55 11.4 13.4
56 11.6 13.6
57 11.8 13.8
58 12.0 14.0
59 12.2 14.2
60 12.4 14.4
61 12.6 14.6
62 12.8 14.8
63 13.0 15.0
64 13.2 15.2
65 13.4 15.4
66 13.6 15.6
67 13.8 15.8
68 14.0 16.0
69 14.2 16.2
70 14.4 16.4
71 14.6 16.6
72 14.8 16.8
73 15.0 17.0
74 15.2 17.2
75 15.4 17.4
76 15.6 17.6
77 15.8 17.8
78 16.0 18.0
79 16.2 18.2
80 16.4 18.4
81 16.6 18.6
82 16.8 18.8
83 17.0 19.0
84 17.2 19.2
85 17.4 19.4
86 17.6 19.6
87 17.8 19.8
88 18.0 20.0
89 18.2 20.2
90 18.4 20.4
91 18.6 20.6
92 18.8 20.8
93 19.0 21.0
94 19.2 21.2
95 19.4 21.4
96 19.6 21.6
97 19.8 21.8
98 20.0 22.0
99 20.2 22.2
