0 0.4 0.48
1 0.6 0.52
2 0.8 0.56
3 1.0 0.6
4 1.2 0.64
5 1.4 0.68
6 1.6 0.72
7 1.8 0.76
8 2.0 0.8
9 2.2 0.84
10 2.4 0.88
11 2.6 0.92
12 2.8 0.96
13 3.0 1.0
14 3.2 1.04
15 3.4 1.08
16 3.6 1.12
17 3.8 1.16
18 4.0 1.2
19 4.2 1.24
20 4.4 1.28
21 4.6 1.32
22 4.8 1.36
23 5.0 1.4
24 5.2 1.44
25 5.4 1.48
26 5.6 1.52
27 5.8 1.56
28 6.0 1.6
29 6.2 1.64
30 6.4 1.68
31 6.6 1.72
32 6.8 1.76
33 7.0 1.8
34 7.2 1.84
35 7.4 1.88
36 7.6 1.92
37 7.8 1.96
38 8.0 2.0
39 8.2 2.04
40 8.4 2.08
41 8.6 2.12
42 8.8 2.16
43 9.0 2.2
44 9.2 2.24
45 9.4 2.28
46 9.6 2.32
47 9.8 2.36
48 10.0 2.4
49 10.2 2.44
50 10.4 2.48
51 10.6 2.52
52 10.8 2.56
53 11.0 2.6
54 11.2 2.64
55 11.4 2.68
56 11.6 2.72
57 11.8 2.76
58 12.0 2.8
59 12.2 2.84
60 12.4 2.88
61 12.6 2.92
62 12.8 2.96
63 13.0 3.0
64 13.2 3.04
65 13.4 3.08
66 13.6 3.12
67 13.8 3.16
68 14.0 3.2
69 14.2 3.24
70 14.4 3.28
71 14.6 3.32
72 14.8 3.36
73 15.0 3.4
74 15.2 3.44
75 15.4 3.48
76 15.6 3.52
77 15.8 3.56
78 16.0 3.6
79 16.2 3.64
80 16.4 3.68
81 16.6 3.72
82 16.8 3.76
83 17.0 3.8
84 17.2 3.84
85 17.4 3.88
86 17.6 3.92
87 17.8 3.96
88 18.0 4.0
89 18.2 4.04
90 18.4 4.08
91 18.6 4.12
92 18.8 4.16
93 19.0 4.2
94 19.2 4.24
95 19.4 4.28
96 19.6 4.32
97 19.8 4.36
98 20.0 4.4
99 20.2 4.44
